                                

                                

 10                          A                   B        C                D                           E

                                                                      30                 8
                                                                                                 
                                                     3 (              101 
                                                    13 <>             86 
                                                    104 (
  6                             53                  77 <>

                                                    68 (
                                                    11 (
        5                                           37 (
                                                    106 (
                                                    69 

1                               48                  96                92 < >             8
                                83                  80 < >            93 < >                     
                                114                                   78 2 
                                                    63                                   
                                                                            
                                35                  81 < >
                                91                  64 
4                               12                  44 (
                                88                  99 <> 
                                                    33 < >
                                56 

           113                  97                  98                7 
           52 < >               14 (                 4 

           29                   34 (                8 

                                46                  111 

                                87                  95 

                                67                  73 (

                                71                                    
                                  5 

                                54                                    
                                55 
  > 3 58 < 

                                38                                    
                                100 (<>

                                102                                   
                                85 

                                49                                    
                                43 (

                                39 

                                103 

                                10 ()                                                     
                                57                                                       

           109                  76 < >               9                 10                
           61                   94                  112               9                 
           107 993              50 (                45                
           28                   17                                    
           75 <>                79 < >                                
                                                                      
                                                                      
                                                                      
           60                   2 <>                                  
                                                                       3 
           110                  41                                            

                                                                       2 

 1 < > 40                                                               1


2  6 < > 42                                                                ABCDE


           84  <>               31 

           19 ()<>                                                         

           90                                                         
                                      
                                                                                                                                                                                                                                                                                                                                                                                                                                                                                                                                                                                                        1
           105 

           82 

           15 

           62 

               

           27 

           72  <>
           24 ()< >
           26 

           22 ()<>

           70 

           89 

           21 ()<>

           66 

           74 <>                                                                        
           108 
           20 ()<>

           23 ()<>              47 < >                                                   

  1 36  <>                                       B                                         
           51                                       
           32                                                                           
           18 ()<>                                    
           25                                        
           59                       
           16                                                   
           65 

           63             A                                        C                 D                 E

                                                                                        
                                                                                        
                                                                                        
                                                                                        
                                                                      
                                                                      
                                                                      

                                                                                        
                                                                                        
                                                                                        
                                                                                        
                                                                                        
                                                                                        

   




                                                                                                                          
