 

                                             1.8       0.3  10    0.6

                                                  
                                  
                                           

                                                            (km)  (km)

1          2   1,110      1,841  1,700            4.6       7.2 0.93 0.32 19.9

2   1             1,665   1,736       1,340       1.7       4.5 0.12 0.42 5.9

3          2      905     1,484       905         5.2       7.6 0.63 0.63 18.3

5          2      670     1,362       670         3.5       6.5 0.83 0.83 17.0

6          2      905     1,344       905         3.3       6.7 0.77 0.77 16.1

7          2      670     1,264       670         3.4       7.8 0.70 0.70 15.9

8          1      565     906  565                2.2       4.2 0.43 0.43 9.8

9          1      300     574         300         1.5       3.0 0.27 0.27 6.5

10         1      175     471  175                1.2       2.7 0.27 0.27 5.8

11         1      140     401         140         1.5       3.0 0.30 0.30 6.8

12         1      190     270  190                0.8       3.0 0.15 0.15 3.9

14         1      670     994         670         2.0       4.8 0.35 0.35 8.8

15         1      550     766         550         1.0       2.1 0.22 0.22 4.8

16         1      285     402         285         1.1       2.5 0.18 0.18 4.6

17         1      235     271         235         0.9       2.5 0.15 0.15 4.0

18         1      145     230         145         1.0       2.1 0.12 0.12 3.7

19         3      1,055   1,500       1,055       6.3 13.1 0.94 0.94 25.2

19         5      500     1,500       500 10.7 23.8 1.50 1.50 42.3

20         3      720     1,263  720              7.5 12.6 1.18 1.18 29.8

21         2      700     1,075       700         2.7       5.3 0.44 0.44 11.1

22         3      420     1,057       420         5.2       8.5 0.94 0.94 21.9

23         3      180     1,016       180         6.2       9.2 0.95 0.95 24.0

24         1      475     814         475         2.0       2.7 0.35 0.35 8.1

25         1      390     695         390         1.5       2.8 0.39 0.39 7.7

26         1      355     668         355         1.4       2.4 0.31 0.31 6.5

27         1      150     210         150         0.5       1.0 0.06 0.06 1.8

57         1      345     543         345         1.2       2.3 0.22 0.22 5.2

58         1      110     188         110         0.6       1.5 0.08 0.08 2.4

77         1      200     403         200         1.2       1.8 0.21 0.21 4.9

28         4      410     1,365       410         7.1 14.4 1.28 1.28 30.7

29         3      430     1,367       430         7.0       9.0 1.13 1.13 27.3

30         2      795     1,261       795         3.5       5.7 0.54 0.54 13.7

31         3      375     1,238       375         6.5       9.4 1.18 1.18 27.0

32         2      280     1,098       280         4.8       7.2 0.86 0.86 19.9

33         2      345     1,026       345         4.0       8.0 0.78 0.78 17.9

34         3      310     997         310         7.7 11.1 1.03 1.03 28.1
                                                  
                                  
                                           

                                                  (km)  (km)

35         3      310     981         310    5.0  6.0 1.05 1.05 21.9

36         2      410     838         410    2.9  5.8 0.49 0.49 12.2

37         1      255     594         255    1.8  3.9 0.44 0.44 9.1

38         1      260     521         260    2.4  3.6 0.32 0.32 8.8

39         1      260     437         260    1.5  1.7 0.27 0.27 6.1

40         1      90      206         90     1.3  2.0 0.22 0.22 5.3

41         1      45      206         45     2.3  4.5 0.32 0.32 8.9

46         2      530     703         530    3.3  8.1 0.45 0.45 13.1

47         1      210     577  210           1.9  4.1 0.44 0.44 9.3

56         1      435     594  435           1.9  2.7 0.19 0.19 6.2

50         2      1,520   1,984       1,520  3.7  6.0 0.50 0.50 13.8

50         3      1,380   1,984       1,380  5.7 10.8 0.70 0.70 20.8

51         1      1,520   1,670       1,520  0.8  1.2 0.18 0.18 3.7

53         2      150     414  150           2.2  4.3 0.54 0.54 10.9

54         3      755     1,462       755    6.8 14.0 1.11 1.11 28.2

55         3      435     1,155       435    5.5  8.5 0.78 0.78 20.7

69         5      675     1,871       675 10.3 18.1 2.02 2.02 45.3

69         5      555     1,871       555 11.5 19.5 1.87 1.87 46.4

70         6      499     1,772       499 11.5 22.5 2.46 2.46 53.5

71         4      675     1,647       675    6.7 11.4 1.55 1.55 31.8

71         5      555     1,647       555 10.0 17.0 2.12 2.12 45.5

72         4      523     1,482       523    9.3 15.6 1.70 1.70 39.5

73         4      555     1,430       555    6.7 12.5 1.55 1.55 32.1

74         4      523     1,376       523    7.6 14.4 1.46 1.46 33.4

75         3      530     1,203       530    5.0  8.0 0.84 0.84 20.3

75         2      827     1,203       827    3.3  5.6 0.77 0.77 15.7

76         1      884     984         884    1.0  1.9 0.28 0.28 5.4

78         3      463     1,417       463    6.0  9.6 1.41 1.41 28.6

79         3      290     1,237       290    5.5  9.8 1.14 1.14 24.9

81         2      296     788         296    2.5  5.3 0.60 0.60 12.4

43         3      1,182   2,230       1,182  7.8 10.6 1.16 1.16 29.5

43         5      1,044   2,236       1,044  9.8 14.5 1.72 1.72 40.1

44         4      329     1,635       329    7.8 11.7 1.57 1.57 34.2

45         2      89      729         89     4.0  9.4 0.71 0.71 17.6

48         2      125     474         125    2.4  3.2 0.45 0.45 10.1

49         1      0       58          0      1.5  2.9 0.16 0.16 5.3

59         2      280     1,020       280    4.8  6.6 0.88 0.88 19.9

60         3      270     964         270    6.2 12.3 1.24 1.24 28.0
                                                                                                             
                                                                                                             
                                                                  
                                                                                  8.2    (km)       (km)       23.3
 60                             3      165     964                                4.7                          14.6
 61                                                          165       5.8        9.0       0.98       0.98    17.4
 62                             2      204     751           204       3.0        4.6       0.73       0.73    15.0
 63                                                           40       3.7        2.5       0.76       0.76      9.8
 64                             2      40      736           130       3.7        2.5       0.66       0.66      6.7
 65                                                          184       2.5        3.3       0.43       0.43      7.8
 66                             2      130     654           232       1.5        2.5       0.30       0.30      6.1
 67                                                          300       1.8        7.3       0.34       0.34    10.3
 68                             1      184     555            50       1.4        5.0       0.27       0.27    10.8
 82                                                           15       2.5        3.6       0.34       0.34      9.2
 83                             1      232     471           300       2.6        3.1       0.44       0.44      9.5
 84                                                          322       2.0       21.5       0.43       0.43    64.9
 85                             1      300     430           210       2.3       21.3       0.42       0.42    67.1
 85                                                          612                 17.8       2.69       2.69    47.9
 86                             1      50      307           432      16.7       17.2       2.70       2.70    52.2
 86                                                          432      17.8        9.4       2.20       2.20    25.3
 87                             2      15      273           432      10.7        8.2       2.01       2.01    25.0
 88                                                          711      14.3        4.2       1.15       1.15    14.7
 89                             2      300     670           205       5.8        1.6       1.09       1.09      4.6
 91                                                          360       6.1        6.5       0.70       0.70    10.2
 92                             1      322     612           460       3.3        9.1       0.20       0.20    17.7
 93                                                          235       1.1       11.0       0.34       0.34    17.9
 94                             1      210     599           863       2.6       11.2       0.54       1.50    28.4
 95                                                        1,820       4.8        4.5       0.53       0.53    15.5
 96                             7      612     2,105       1,029       5.0        7.8       1.23       1.27    23.2
 97                                                          614       6.7        8.1       0.81       0.81    20.3
 98                             7      432     2,105         430       3.1        4.1       1.07       1.07      6.8
 99                                                          411       5.3        2.6       0.85       0.86      6.5
100                             5      432     2,025         660       4.9                  0.28       0.28
                                                             300       1.5                  0.27       0.27
                                6      432     2,025                   1.6

                                3      711     1,541 

                                3      205     1,102 

                                2      360     952 

                                1      460     561 

                                2      235     368 

                                2      1,820   2,035 

                                2      1,820   1,928 

                                3      1,029   1,877 

                                2      614     1,199 

                                3      430     1,067 

                                3      411     1,023 

                                1      523     660 

                                1      300     470 

94
 ×1.8km×0.3km×10.0km×0.6



 
 
 
 
                                         
                                         
                              

                             (km)  (km)

 

 
