                                                                                                                                                                                           
                                                                                                                                                                                           
                                               

                                                                                                                                                                                  




                                                                                                                                                                                           https://yamagatayama.com/
                                                                                                                                                                                    
                                                                                                                                                                                                          
   10                                                                                                                                                                                              
   9  
   8 

          7                                                                                              85                     85 
                                               70 
                                                                                                                                                                                           86 

          6 



                                                                                                                              
                                               86                                                                       43 

                                               69 

 5                                             71 
                                               69 
     
                                               19 
     

                                               72 

                                                                                                                      
                                               44                                                                                                                                    

  4                                            74                                                                                                                                    
                                               73                                                                                                                                    

 71                                                                                                                                                                                  
 28 
                                                                                                                                                                                     

                             54  20                                                                                     43 

 79  78   34 
 23  95  22  60 
                                                                                                                                                                                    []
                             50                29                                                                                                                                       

                                               31                                                                                                                                    

                                               87                                                                                                                                    

  3                                            19                                                                                                                                   

                                               88                                                                                                                                   

                                               60                                                                                                                                   

                                               97 

                                               35 

                                               55 

                                               75 

                                               98 

 32                                            1   59 

                             94                3 

                             33                93 

                             62                45 

                             6                 5 

                             7                 96 

                             75                89 

                             63                50 

  2 61  30                                     81 

                             46 

                             36 

                             21 

                             53 

      82 
     
                             68 
      92 
      48 

                                               83                                                                       100     47 
      64                                       40                                                                               38 

               8 

                             84                                                                                                 56 

                             37 

                             41 

                             14 

                             24 

                             66 

                             25 

                             99 

                             11 

                             65                        
                             26 

                    9                                  

                  67 

  1 39  

                    2 

                             10 

                             76 

                             49 

                             57 

                             77 

                             15 

                             16 

                             91 

                             17 

                             12 

                             51 

                             18 

                             58 

                             27 

                                                                                                                                                                                           

                                                                                                                                                                                           

                                                                                                                              

                                                                                                                                                                                           
                                                                                                                                                                                           
                                                                                                                                                                                           
                                                                                                                                                                                           
                                                                                                                                                                                    
                                                                                                                                                                                    
                                                                                                                                                                                    

                                                                                                                                                                                           
                                                                                                                                                                                           
                                                                                                                                                                                           
                             []                                                                                                                                                            
                                                                                                                                                                                           
                                                                                                                                                                                           
                                  






 








